# Physical and astronomical constants in cgs units
# Source: Binney & Tremaine 87, Appendix 1.A

Grav_G=6.672e-8
Light_c=2.99792458e10
Planck_h=6.62618e-27
Boltzmann_k=1.38066e-16
Electron_q=4.80324e-10
Electron_q_inCoulomb=1.602189e-19
Proton_m=1.672649e-24
Electron_m=9.10953e-28
StefanBoltz_Sigma=5.6703e-5
Thomson_CrossSec=6.65245e-25
AstroUnit=1.49597892e13
Parsec=3.08567802e18
SideralYear=3.1558149984e7
Sun_M=1.989e33
Sun_GM=1.32712497e26
Sun_R=6.9599e10
Sun_L=3.826e33
Sun_Vesc=6.175e7
Sun_MagV=4.83
Sun_MagB=5.48
Earth_M=5.976e27
Sun_Teff=5778

# Mathematical constants

pi=3.14159
